areas  1
size   200000
temperature
;
; year  step  area  temperature
1970	1	1	5
1970	2	1	5
1971	1	1	5
1971	2	1	5
1972	1	1	5
1972	2	1	5
1973	1	1	5
1973	2	1	5
1974	1	1	5
1974	2	1	5
1975	1	1	5
1975	2	1	5
1976	1	1	5
1976	2	1	5
1977	1	1	5
1977	2	1	5
1978	1	1	5
1978	2	1	5
1979	1	1	5
1979	2	1	5
1980	1	1	5
1980	2	1	5
1981	1	1	5
1981	2	1	5
1982	1	1	5
1982	2	1	5
1983	1	1	5
1983	2	1	5
1984	1	1	5
1984	2	1	5
1985	1	1	5
1985	2	1	5
1986	1	1	5
1986	2	1	5
1987	1	1	5
1987	2	1	5
1988	1	1	5
1988	2	1	5
1989	1	1	5
1989	2	1	5
1990	1	1	5
1990	2	1	5
1991	1	1	5
1991	2	1	5
1992	1	1	5
1992	2	1	5
1993	1	1	5
1993	2	1	5
1994	1	1	5
1994	2	1	5
1995	1	1	5
1995	2	1	5
1996	1	1	5
1996	2	1	5
1997	1	1	5
1997	2	1	5
1998	1	1	5
1998	2	1	5
1999	1	1	5
1999	2	1	5
2000	1	1	5
2000	2	1	5
2001	1	1	5
2001	2	1	5
2002	1	1	5
2002	2	1	5
2003	1	1	5
2003	2	1	5
2004	1	1	5
2004	2	1	5
2005	1	1	5
2005	2	1	5
2006	1	1	5
2006	2	1	5
2007	1	1	5
2007	2	1	5
2008	1	1	5
2008	2	1	5
2009	1	1	5
2009	2	1	5
2010	1	1	5
2010	2	1	5
2011	1	1	5
2011	2	1	5
2012	1	1	5
2012	2	1	5
2013	1	1	5
2013	2	1	5
2014	1	1	5
2014	2	1	5
2015	1	1	5
2015	2	1	5
2016	1	1	5
2016	2	1	5
2017	1	1	5
2017	2	1	5
2018	1	1	5
2018	2	1	5
2019	1	1	5
2019	2	1	5
2020	1	1	5
2020	2	1	5
2021	1	1	5
2021	2	1	5
2022	1	1	5
2022	2	1	5
2023	1	1	5
2023	2	1	5
2024	1	1	5
2024	2	1	5
2025	1	1	5
2025	2	1	5
2026	1	1	5
2026	2	1	5
2027	1	1	5
2027	2	1	5
2028	1	1	5
2028	2	1	5
2029	1	1	5
2029	2	1	5
2030	1	1	5
2030	2	1	5
