; time file created in Rgadget
; YPR/area - Wed Dec  3 10:27:14 2014
areas	1
size	200000
temperature
; year - step - area - temperature
1990	1	1	5
1991	1	1	5
1992	1	1	5
1993	1	1	5
1994	1	1	5
1995	1	1	5
1996	1	1	5
1997	1	1	5
1998	1	1	5
1999	1	1	5
2000	1	1	5
2001	1	1	5
2002	1	1	5
2003	1	1	5
2004	1	1	5
2005	1	1	5
2006	1	1	5
2007	1	1	5
2008	1	1	5
2009	1	1	5
2010	1	1	5
2011	1	1	5
2012	1	1	5
2013	1	1	5
2014	1	1	5
2015	1	1	5
2016	1	1	5
2017	1	1	5
2018	1	1	5
2019	1	1	5
2020	1	1	5
1990	2	1	5
1991	2	1	5
1992	2	1	5
1993	2	1	5
1994	2	1	5
1995	2	1	5
1996	2	1	5
1997	2	1	5
1998	2	1	5
1999	2	1	5
2000	2	1	5
2001	2	1	5
2002	2	1	5
2003	2	1	5
2004	2	1	5
2005	2	1	5
2006	2	1	5
2007	2	1	5
2008	2	1	5
2009	2	1	5
2010	2	1	5
2011	2	1	5
2012	2	1	5
2013	2	1	5
2014	2	1	5
2015	2	1	5
2016	2	1	5
2017	2	1	5
2018	2	1	5
2019	2	1	5
2020	2	1	5
